These features have been removed due to zero std: [37]
--------------------------------------------------
fold index |  rmse      |  r2       |   weights
--------------------------------------------------
0          |  27.624483 |  0.300672 |   2.831938, -0.009879, -0.317840,  0.036635,  0.002756,  0.114251,  0.139084,  0.591283,  0.592043,  0.493057,  0.333138,  0.024542,  0.765068,  0.966184,  0.458333, -0.268720,  0.130848,  0.568862,  0.656079,  0.431467,  0.145103,  0.067517,  0.566015,  0.573766,  0.433630, -0.047643,  0.004107,  0.661036,  0.084076,  0.441038,  1.471889,  4.501362, -0.547129,  1.633697,  4.125626, -2.548311,  0.017525,  1.069531,  0.477608, -0.010364,  0.010688, -0.048413,  0.115713, -0.025648,  0.039002, -0.087783, -0.065894,  0.067214, -0.048120,  0.134338, -0.036236,  0.042543, -0.093678
1          |  28.035638 |  0.305656 |   3.194051, -0.009496, -0.393474,  0.019923,  0.026433,  0.126005,  0.096701,  0.662520,  0.697653,  0.514310,  0.100582, -0.040307,  0.850257,  0.932827,  0.489529, -0.228304,  0.085627,  0.643600,  0.857148,  0.444290,  0.131839,  0.018804,  0.627869,  0.658390,  0.443138,  0.006246, -0.047384,  0.633601, -0.012521,  0.479988,  1.467240,  4.777824, -0.539358,  1.649058,  4.322551, -2.859487,  0.009436,  1.044469,  0.481346, -0.007357, -0.051135, -0.078890,  0.188180, -0.023926,  0.071011, -0.105977, -0.094943,  0.061605, -0.088475,  0.129105,  0.020036,  0.043539, -0.073592
2          |  29.775367 |  0.305436 |   3.789028, -0.016670, -0.371341, -0.060625,  0.032195,  0.079363,  0.056434,  0.639158,  0.735216,  0.453516,  0.084198, -0.128327,  0.870611,  1.214556,  0.409050, -0.333840,  0.040102,  0.723903,  1.074810,  0.434442,  0.134740, -0.051807,  0.591985,  0.677101,  0.362637,  0.076638, -0.157780,  0.542734,  0.083822,  0.407340,  1.524340,  5.398800, -0.559977,  1.708022,  4.809069, -3.263832,  0.030437,  1.081147,  0.573509, -0.098939, -0.139574, -0.111901,  0.269076,  0.036913,  0.123470, -0.096310, -0.189167,  0.005607, -0.093462,  0.259971,  0.063448,  0.000028, -0.054730
3          |  32.162095 |  0.239046 |   6.663481, -0.943971, -0.723863, -0.403614, -0.051937, -0.088880,  0.091520,  0.452431,  0.588742,  0.561043, -0.570916, -0.408322,  0.742374,  1.606890,  0.248232, -0.430938,  0.109398,  0.692212,  1.666338,  0.394777, -0.056871, -0.172846,  0.286710,  0.425740,  0.316536,  0.276092, -0.535906,  0.338892, -0.255213, -0.017328,  1.262342,  7.976776, -0.143423,  1.469823,  6.624227, -4.426348, -0.003119,  3.205243,  0.783237, -0.113255, -0.047029, -0.000864,  0.156614,  0.111252,  0.179807, -0.308572, -0.093672,  0.268746, -0.013087,  0.116877, -0.053995,  0.049014, -0.264084
4          |  31.786018 |  0.298674 |   6.625079, -0.284852, -0.662374, -0.564340, -0.063240,  0.078783,  0.118929,  0.536402,  0.586938,  0.468790,  0.009257, -0.204144,  0.669939,  1.296739,  0.013379, -0.243731,  0.152747,  0.856862,  1.794937,  0.407066,  0.062009, -0.231498,  0.338680,  0.386817,  0.162993,  0.130498, -0.251886, -0.087627, -0.943830, -0.026054,  1.278240,  7.686963, -0.068346,  1.531482,  6.351567, -4.470990,  0.126505,  1.839499,  0.788777, -0.118471, -0.210242, -0.018935,  0.301880,  0.047139,  0.073044, -0.096653, -0.111584,  0.089718, -0.013786,  0.316426, -0.115123, -0.065676, -0.098767
--------------------------------------------------
avg        |  29.876720 |  0.289897 |   4.620715, -0.252974, -0.493778, -0.194404, -0.010759,  0.061904,  0.100534,  0.576359,  0.640118,  0.498143, -0.008748, -0.151311,  0.779650,  1.203439,  0.323704, -0.301107,  0.103744,  0.697088,  1.209862,  0.422408,  0.083364, -0.073966,  0.482252,  0.544363,  0.343787,  0.088366, -0.197770,  0.417727, -0.208733,  0.256997,  1.400810,  6.068345, -0.371646,  1.598417,  5.246608, -3.513794,  0.036157,  1.647978,  0.620895, -0.069677, -0.087458, -0.051801,  0.206293,  0.029146,  0.097267, -0.139059, -0.111052,  0.098578, -0.051386,  0.191343, -0.024374,  0.013889, -0.116970
std        |   1.862299 |  0.025568 |   1.680307,  0.361306,  0.165753,  0.244063,  0.039651,  0.077685,  0.027804,  0.075558,  0.063455,  0.037674,  0.301276,  0.150080,  0.073346,  0.245406,  0.176014,  0.074255,  0.038849,  0.095471,  0.447215,  0.018464,  0.076056,  0.112879,  0.140792,  0.118641,  0.101712,  0.111710,  0.190911,  0.276776,  0.387905,  0.228723,  0.108556,  1.471816,  0.218388,  0.085836,  1.041219,  0.796459,  0.046474,  0.834491,  0.139133,  0.050076,  0.077947,  0.040080,  0.069396,  0.050881,  0.049336,  0.084952,  0.041721,  0.089476,  0.034748,  0.081270,  0.061544,  0.043490,  0.075196
